11 0,0 1,0 1,1 2,1
25 0,1 0,2 0,3 1,3
14 0,4 1,4
9 0,5 0,6
12 0,7 0,8
15 1,2 2,2
4 1,5 1,6
14 1,7 2,7
6 1,8 2,8
40 2,0 3,0 4,0 5,0 6,0 4,0 4,1 4,2 4,3
3 2,3 3,3
15 2,4 3,4
9 2,5 2,6
8 3,1 3,2
12 3,5 3,6
38 3,7 3,8 4,6 4,7 4,8 5,7 5,8
11 4,4 4,5
15 5,1 5,2
13 5,3 6,3
6 5,4 6,4
4 5,5 5,6
17 6,1 7,0 7,1 8,0
7 6,2 7,2
13 6,5 6,6
10 6,7 7,7
6 6,8 7,8
26 7,3 8,1 8,2 8,3
4 7,4 8,4
15 7,5 7,6
11 8,5 8,6
12 8,7 8,8
*
16 0,0 1,0
13 0,1 0,2
5 0,3 1,3
13 0,4 1,4
16 0,5 0,6 0,7 1,7
12 0,8 1,8 2,8
7 1,1 1,2 2,2
9 1,5 2,5
16 1,6 2,6
16 2,0 2,1 3,1
17 2,3 3,3
13 2,4 3,4
5 2,7 3,7
15 3,0 4,0 5,0
32 3,2 4,1 4,2 4,3 4,4 4,5 4,6 5,2
15 3,5 3,6
24 3,8 4,6 4,7 4,8 5,8
12 5,1 6,0 6,1
8 5,3 6,3
5 5,4 6,4
7 5,5 5,6
13 5,7 6,7
16 6,2 7,1 7,2
14 6,5 7,5
12 6,6 7,6
19 6,8 7,8 8,8
10 7,0 8,0
9 7,3 8,3
10 7,4 8,4
11 7,7 8,5 8,6 8,7
15 8,1 8,2
*
15 0,0 0,1
8 0,2 1,1 1,2
16 0,3 0,4 0,5 1,4
23 0,6 1,6 1,7
7 0,7 0,8
10 1,0 2,0
5 1,3 2,3
16 1,5 2,5
9 1,8 2,8
12 2,1 2,2
19 2,4 3,4 4,4
6 2,6 2,7
4 3,0 3,1
12 3,2 3,3
14 3,5 3,6
13 3,7 3,8
14 4,0 5,0
23 4,1 4,2 5,1 5,2 6,2
18 4,3 5,3 6,3
11 4,5 5,5 6,5
13 4,6 4,7 5,6 6,6
8 4,8 5,8
10 5,1 6,1
6 5,4 6,4
10 5,7 6,7
10 6,0 7,0
7 6,8 7,8
8 7,1 8,0 8,1
14 7,2 7,3
34 7,4 8,2 8,3 8,4 8,5 8,6
6 7,5 7,6
24 7,7 8,7 8,8
*
6 0,0 1,0
7 0,1 0,2
4 0,3 1,3
23 0,4 0,5 1,4 1,5
32 0,6 0,7 0,8 1,8 2,8
17 1,1 1,2
7 1,6 2,6
6 1,7 2,7
8 2,0 2,1
14 2,2 2,3 3,3
17 2,4 3,4
10 2,5 3,5
12 3,0 3,1 3,2
30 3,6 4,6 4,7 5,6
15 3,7 3,8 4,8 5,7 5,8
31 4,0 4,1 4,2 4,3 4,4 4,5
18 5,0 5,1 5,2
21 5,3 6,2 6,3
8 5,4 6,4
14 5,5 6,5
9 6,0 6,1
7 6,6 7,6
10 6,7 7,7
28 6,8 7,8 8,6 8,7 8,8
9 7,0 8,0
11 7,1 7,2
12 7,3 8,3
11 7,4 7,5 8,4 8,5
8 8,1 8,2
*
10 0,0 0,1
14 0,2 1,2
16 0,3 0,4 1,4
14 0,5 0,6 0,7 0,8
3 1,0 1,1
10 1,3 2,3 2,4
13 1,5 1,6
13 1,7 1,8
11 2,0 3,0 4,0
22 4,2 5,2 5,3
29 2,1 3,1 4,1 5,1 6,1
7 2,2 3,2 4,2
13 2,5 2,6
22 2,7 3,7 4,7 5,7 6,7
14 2,8 3,8
5 3,3 4,3
18 3,4 4,4 5,4
5 4,5 5,5
21 3,5 3,6 4,6
15 4,8 5,8 6,8
15 5,0 6,0
9 5,6 6,6
6 6,2 6,3
13 6,4 6,5 7,5
14 7,0 7,1
16 7,2 7,3
12 7,4 8,4 8,5
11 7,6 8,6
6 7,7 7,8
16 8,0 8,1 8,2 8,3
12 8,7 8,8
*
12 0,0 1,0 2,0
15 0,1 1,1 1,2
8 0,2 0,3
23 0,4 1,4 2,4 3,4
16 0,5 0,6
17 0,7 1,7
21 0,8 1,8 2,8 3,8 4,8
4 1,3 2,3
8 1,5 1,6
18 2,1 3,1 4,1
6 2,2 3,2
19 2,5 2,6 2,7 3,7
9 3,0 4,0
30 3,3 3,5 4,3 4,4 4,5 5,3 5,5
14 3,6 4,6
15 4,2 5,2
11 4,7 5,7 6,7
5 4,8 5,8
24 5,0 6,0 7,0 8,0
17 5,1 6,1 6,2 6,3
13 5,4 6,4 7,4 8,4
14 5,6 6,6
9 6,5 7,5
19 6,8 7,8 8,8
11 7,1 8,1
17 7,2 7,3
11 7,6 7,7 8,7
9 8,2 8,3
10 8,5 8,6
*
6 0,0 1,0
10 0,1 0,2 0,3
24 0,5 0,6 0,7
13 0,8 1,8
15 1,1 2,1
7 0,4 1,4
7 1,2 1,3
9 1,5 1,6
11 1,7 2,7
8 3,0 2,0
17 2,2 1,3 2,3
12 2,4 3,3 3,4 3,5
9 2,5 2,6
9 5,5 5,6
8 2,8 3,8
7 3,1 3,2
17 3,6 3,7
19 4,0 5,0 5,1
8 4,1 4,2
23 4,3 4,4 4,5 5,4
7 4,6 4,7
13 4,8 5,7 5,8
11 5,2 5,3
15 6,1 7,1
26 6,2 6,3 6,4 6,5 6,6
8 6,7 7,7
15 6,8 7,8 8,8
10 7,2 7,3
14 7,4 8,4
14 6,0 7,0 8,0
5 7,5 7,6
15 8,1 8,2 8,3
13 8,5 8,6 8,7
*
19 0,0 1,0 2,0
11 0,1 0,2
8 0,3 1,3
24 0,4 1,4 2,4 3,4
12 0,5 1,5
5 0,6 0,7
18 0,8 1,8 2,8
7 1,1 2,1
28 1,2 2,2 3,0 3,1 3,2
30 1,6 2,6 3,6 3,7 3,8
6 1,7 2,7
13 2,3 3,3 4,3
8 2,5 3,5 4,5
6 4,0 5,0
9 4,1 4,2
15 4,4 5,4 6,4
17 4,6 4,7
3 4,8 5,8
17 5,1 6,1
8 5,2 5,3
13 5,5 5,6
15 5,7 6,7
13 6,0 7,0
5 6,2 6,3
9 6,5 6,6
12 6,8 7,8
11 7,1 7,2 8,2
32 7,3 7,4 7,5 8,3 8,4 8,5
12 7,6 7,7 8,6
8 8,0 8,1
11 8,7 8,8
*
13 0,0 1,0
21 0,1 1,1 1,2 1,3 1,4 2,4
17 0,2 0,3
12 0,4 0,5
7 0,6 0,7
20 0,8 1,8 2,8 3,8
17 1,5 1,6
15 1,7 2,6 2,7 3,6
10 2,0 2,1
4 2,2 3,2
6 2,3 3,3
11 2,5 3,5
39 3,0 3,1 4,0 4,1 4,2 5,1
23 3,4 4,3 4,4 4,5 5,4
35 3,7 4,6 4,7 4,8 5,7 5,8
11 5,0 6,0 7,0 8,0
24 5,2 6,1 6,2 7,1
16 5,3 6,3
9 5,5 6,5
8 5,6 6,6
32 6,4 7,4 7,5 7,6 7,7 8,7
5 6,7 6,8
12 7,2 7,3
13 7,8 8,8
7 8,1 8,2
3 8,3 8,4
15 8,5 8,6
*
34 0,0 0,1 1,0 1,1 2,0 2,1
8 0,2 0,3
16 0,4 1,3 1,4
7 0,5 0,6
17 0,7 1,7 2,7 2,8
17 0,8 1,8
4 1,2 2,2
5 1,5 1,6
12 2,3 3,3
10 2,4 3,4 3,5
14 2,5 2,6
13 3,0 4,0
26 3,1 3,2 4,1 4,2
19 3,6 3,7 3,8
12 4,3 4,4 4,5
15 4,6 4,7 5,6 5,7
11 4,8 5,8
6 5,0 5,1 5,2
16 5,3 5,4 6,4
12 5,5 6,5
24 6,0 6,1 7,1 8,1
9 6,2 6,3
13 6,6 7,6
25 6,7 6,8 7,7 7,8 8,7 8,8
3 7,0 8,0
7 7,2 7,3
22 7,4 7,5 8,4
17 8,2 8,3
11 8,5 8,6
*